-1.8239 5.0000 -2.0000
0.4393 0.4145 -0.1658
0.0000 0.0000 0.0000
-0.0000 0.0000 0.0000
0.0585 0.2612 0.4173
0.0009 0.0990 0.3153
-0.0485 0.2581 0.4184
0.0000 -0.0000 0.0000
0.0000 -0.0000 0.0000
-0.4326 0.4555 -0.0911
0.4616 0.5446 0.4430
0.0018 0.0543 0.4288
-0.1020 0.1606 0.4826
0.6787 0.4374 0.5411
0.0018 -0.0317 0.4439
-0.5650 0.4910 0.5469
0.1214 0.1344 -0.4855
0.0000 0.0584 -0.4483
-0.5901 0.4996 -0.4480
0.2038 -0.0085 0.4982
-0.0000 -0.0315 0.4557
-0.2037 -0.0085 0.4982
1.5904 0.4262 0.6237
0.0015 -0.1147 0.4266
-0.8673 0.2518 0.5732
0.0000 0.0000 0.0000
0.0000 -0.0000 0.0000
0.0000 0.0000 0.0000
0.9747 0.0198 0.5072
0.0000 -0.1754 0.3748
-0.9747 0.0198 0.5072
0.9154 0.0668 0.0401
0.0000 0.0000 0.0000
-0.9154 0.0668 0.0401
0.0000 -5.0000 -3.0000
-0.0000 -0.0000 0.0000
-27.5415 1.6733 1.0040
0.8868 -0.3162 0.2755
0.0008 -0.2092 0.3137
-0.1296 -0.4770 0.1652
0.7631 -0.3999 0.1367
-0.0000 -0.2219 0.2561
-1.6388 -0.4246 0.1118
0.0000 0.0000 0.0000
0.0000 -0.0000 -0.0000
0.0000 -0.0000 0.0000
1.6299 -0.3201 -0.3201
0.0000 -0.0000 -0.0000
-1.6299 -0.3201 -0.3201
-0.0107 -0.3311 0.1336
-0.0000 -0.2171 0.2038
0.0107 -0.3311 0.1336
22.6512 1.1118 1.3341
0.0000 0.0000 0.0000
-22.6512 1.1118 1.3341
0.5242 -0.4062 -0.0328
0.0000 -0.2023 0.1600
-0.5242 -0.4062 -0.0328
0.7358 -0.2231 -0.3124
-0.0000 0.0000 0.0000
-0.7358 -0.2231 -0.3124
-0.0047 -0.2508 0.1174
0.0000 -0.1728 0.1182
0.0047 -0.2507 0.1175
0.0000 0.0000 0.0000
0.0000 0.0000 0.0000
-0.6901 -0.2128 -0.3405
2.1741 -1.3729 -2.4145
0.0000 0.1823 -0.1168
-1.9367 -1.3253 -2.3428
0.0005 -0.9900 -0.9900
